66666 1902  048 0002 1902 0 6                WUTIP              20190403
19021812 002 2 047 1625 1006     000                                    
19021818 002 2 048 1612 1004     000                                    
19021900 002 2 052 1598 1006     000                                    
19021906 002 2 049 1584 1004     000                                    
19021912 002 2 045 1566 1004     000                                    
19021918 002 3 045 1555 1000     035     00000 0000 80150 0090          
19022000 002 3 047 1546  994     045     00000 0000 80150 0090          
19022006 002 4 047 1538  992     050     00000 0000 80210 0120          
19022012 002 4 050 1526  985     060     90030 0030 80270 0180          
19022018 002 5 057 1516  980     065     90050 0050 80270 0180          
19022100 002 5 061 1505  975     070     90060 0060 80270 0180          
19022106 002 5 064 1496  960     080     90070 0070 80270 0210          
19022112 002 5 069 1487  960     080     90070 0070 80270 0210          
19022118 002 5 075 1479  960     080     90070 0070 80270 0210          
19022200 002 5 082 1468  960     080     90070 0070 80270 0210          
19022206 002 5 092 1462  960     080     90070 0070 80270 0210          
19022212 002 5 099 1450  960     080     90070 0070 80270 0210          
19022218 002 5 101 1440  960     080     90070 0070 90240 0240          
19022300 002 5 106 1437  955     085     90070 0070 90240 0240          
19022306 002 5 114 1433  940     095     90070 0070 90240 0240          
19022312 002 5 120 1428  920     105     90080 0080 90240 0240          
19022318 002 5 124 1424  920     105     90080 0080 90240 0240          
19022400 002 5 127 1421  920     105     90080 0080 90240 0240          
19022406 002 5 129 1417  940     095     90070 0070 80240 0150          
19022412 002 5 131 1412  940     095     90070 0070 80240 0150          
19022418 002 5 131 1407  940     095     90070 0070 80240 0120          
19022500 002 5 134 1404  935     100     90070 0070 80240 0120          
19022506 002 5 138 1402  935     100     90070 0070 80240 0120          
19022512 002 5 142 1401  935     100     90070 0070 80240 0120          
19022518 002 5 146 1399  935     100     90070 0070 10240 0120          
19022600 002 5 149 1399  950     090     90060 0060 10210 0120          
19022606 002 5 152 1399  940     095     90060 0060 10210 0120          
19022612 002 5 154 1401  950     085     90050 0050 10180 0090          
19022618 002 5 157 1401  955     080     90050 0050 10180 0090          
19022700 002 5 160 1400  965     070     90050 0050 10180 0090          
19022706 002 5 164 1398  970     065     90040 0040 10180 0090          
19022712 002 4 165 1390  980     055     90030 0030 10180 0090          
19022718 002 4 167 1377  990     050     00000 0000 10150 0090          
19022800 002 3 172 1367  996     040     00000 0000 10150 0090          
19022806 002 2 176 1356 1004     000                                    
19022812 002 2 182 1350 1010     000                                    
19022818 002 2 186 1346 1010     000                                    
19030100 002 2 191 1344 1012     000                                    
19030106 002 2 194 1342 1010     000                                    
19030112 002 2 197 1340 1012     000                                    
19030118 002 2 196 1340 1010     000                                    
19030200 002 2 194 1339 1010     000                                    
19030206 002 2 189 1331 1008     000 
66666 1902  048 0002 1902 0 6                WUTIP              20190403                                   
